200       //Window Xmin              *
450       //Window Xmax              *
20        //Window Ymin              *
460       //Window Ymax              *
25        //Block  Light             *
20        //Block  Height            *
3         //Ball   R                 *
.1        //Min. Ball Speed          *
.4        //Max. Ball Speed          *
24 12     //Array Dimention          *

1   9    9    9    9    9    9    9    9    9    9    9    9
2   9    0    1    1    0    0    0    0    1    1    0    9
3   9    1    2    3    4    5    5    4    3    2    1    9
4   9    0    0    0    4    4    4    4    0    0    0    9
5   9    0    5    5    5    5    5    5    5    5    0    9
6   9    4    0    4    0    4    0    4    0    4    0    9
7   9    0    4    0    4    0    4    0    4    0    4    9
8   9    0    0    5    5    5    5    5    0    0    0    9
9   9    0    0    0    0    0    0    0    0    0    0    9
10  9    5    5    5    0    0    0    0    5    5    5    9
11  9    0    0    0    0    0    0    0    0    0    0    9
12  9    0    0    0    0    0    0    0    0    0    0    9
13  9    0    0    5    5    5    5    5    5    0    0    9
14  9    0    0    0    0    0    0    0    0    0    0    9
15  9    0    0    0    0    0    0    0    0    0    0    9
16  9    0    0    0    0    0    0    0    0    0    0    9
17  9    0    0    0    0    0    0    0    0    0    0    9
18  9    0    0    0    0    0    0    0    0    0    0    9
19  9    0    0    0    0    0    0    0    0    0    0    9
20  9    0    0    0    0    0    0    0    0    0    0    9
21  9    0    0    0    0    0    0    0    0    0    0    9
22  9    0    0    0    0    0    0    0    0    0    0    9
23  9    8    8    8    8    8    8    8    8    8    8    9
24  9    7    7    7    7    7    7    7    7    7    7    9
