200       //Window Xmin              *
450       //Window Xmax              *
20        //Window Ymin              *
460       //Window Ymax              *
25        //Block  Light             *
10        //Block  Height            *
3         //Ball   R                 *
.1        //Min. Ball Speed          *
.4        //Max. Ball Speed          *
44 12     //Array Dimention          *

1   9    9    9    9    9    9    9    9    9    9    9    9
2   9    0    0    0    0    0    0    0    0    0    0    9
3   9    0    1    1    0    0    0    0    1    1    0    9
4   9    1    2    3    4    5    5    4    3    2    1    9
5   9    0    0    0    4    4    4    4    0    0    0    9
6   9    0    0    0    0    0    0    0    0    0    0    9
7   9    0    5    5    5    5    5    5    5    5    0    9
8   9    0    0    0    0    0    0    0    0    0    0    9
9   9    4    0    4    0    4    0    4    0    4    0    9
10  9    0    0    0    0    0    0    0    0    0    0    9
11  9    0    4    0    4    0    4    0    4    0    4    9
12  9    0    0    0    0    0    0    0    0    0    0    9
13  9    0    0    0    0    0    0    0    0    0    0    9
14  9    0    0    5    5    5    5    5    0    0    0    9
15  9    0    0    0    0    0    0    0    0    0    0    9
16  9    0    0    0    0    0    0    0    0    0    0    9
17  9    0    0    0    0    0    0    0    0    0    0    9
18  9    5    5    5    0    0    0    0    5    5    5    9
19  9    0    0    0    0    0    0    0    0    0    0    9
20  9    0    0    0    0    0    0    0    0    0    0    9
21  9    0    0    0    0    0    0    0    0    0    0    9
22  9    0    0    5    5    5    5    5    5    0    0    9
23  9    0    0    0    0    0    0    0    0    0    0    9
24  9    0    0    0    0    0    0    0    0    0    0    9
25  9    0    0    0    0    0    0    0    0    0    0    9
26  9    0    0    0    0    0    0    0    0    0    0    9
27  9    0    0    0    0    0    0    0    0    0    0    9
28  9    0    0    0    0    0    0    0    0    0    0    9
29  9    0    0    0    0    0    0    0    0    0    0    9
30  9    0    0    0    0    0    0    0    0    0    0    9
31  9    0    0    0    0    0    0    0    0    0    0    9
32  9    0    0    0    0    0    0    0    0    0    0    9
33  9    0    0    0    0    0    0    0    0    0    0    9
34  9    0    0    0    0    0    0    0    0    0    0    9
35  9    0    0    0    0    0    0    0    0    0    0    9
36  9    0    0    0    0    0    0    0    0    0    0    9
37  9    0    0    0    0    0    0    0    0    0    0    9
38  9    0    0    0    0    0    0    0    0    0    0    9
39  9    0    0    0    0    0    0    0    0    0    0    9
40  9    0    0    0    0    0    0    0    0    0    0    9
41  9    0    0    0    0    0    0    0    0    0    0    9
42  9    0    0    0    0    0    0    0    0    0    0    9
43  9    8    8    8    8    8    8    8    8    8    8    9
44  9    7    7    7    7    7    7    7    7    7    7    9
